117.0
189.15
97.0
103.0
219.15
98.0
115.0
150.0
155.0
283.15
311.15
260.15
277.1
266.0
250.15
380.15
30.0
241.0
261.0
202.0
181.0
342.0
173.0
175.8
179.4
61.0
205.0
203.5
76.0
97.0
146.0
141.0
141.0
73.0
69.0
78.0
91.0
77.0
166.0
162.2
94.0
225.0
82.0
93.0
192.0
122.0
220.0
149.0
131.0
212.0
171.0
240.0
138.0
100.0
128.0
314.0
204.0
180.0
150.0
187.0
179.0
178.0
257.0
191.1
146.1
129.0
194.18
190.0
92.0
115.0
98.0
314.0
109.0
220.1
125.0
108.0
198.5
218.0
87.0
165.0
117.0
187.0
120.0
96.5
129.0
119.0
158.0
192.7
140.0
161.0
244.0
125.0
243.0
123.0
198.0
294.0
159.0
128.0
337.0
140.0
144.0
243.0
248.0
205.0
193.0
331.25
292.05
313.95
268.5
339.15
259.15
302.15
319.15
321.15
293.15
315.85
336.9
292.2
257.0
318.6
332.4
274.8
132.5
139.75
131.85
163.65
191.55
213.3
153.7
187.05
155.1
174.15
167.25
146.45
205.55
142.85
299.35
272.75
285.0
255.3
136.3
184.7
195.1
191.15
173.85
184.05
215.45
344.8
167.4
229.0
337.0
154.0
363.0
174.0
173.0
191.0
150.0
27.0
18.0
160.0
18.0
54.0
41.0
76.0
59.0
71.0
95.0
44.0
23.0
20.0
204.0
167.0
160.0
118.0
146.15
168.15
158.15
310.15
305.15
352.0
358.0
228.0
335.0
263.0
416.0
315.0
266.0
297.0
363.0
323.0
280.0
308.0
299.0
310.0
368.0
277.0
304.0
336.0
303.0
344.0
338.0
359.0
373.0
382.0
286.0
293.0
309.0
364.0
348.0
322.0
356.0
337.0
333.0
391.0
373.0
316.0
310.0
296.0
345.0
144.1
146.0
282.15
450.95
145.2
158.6
220.15
325.0
350.0
342.0
334.0
144.15
140.15
158.15
151.15
159.15
159.15
193.65
189.0
260.0
170.4
180.0
139.55
280.75
271.95
150.05
148.45
164.45
151.25
148.25
268.85
296.0
306.0
308.0
321.0
326.0
333.0
334.0
339.0
348.0
243.0
256.0
270.0
277.0
278.0
279.0
281.0
289.0
290.0
290.0
371.15
295.0
379.0
366.0
346.0
324.0
323.0
299.0
290.0
269.0
234.0
333.0
322.0
309.0
306.0
283.0
228.0
274.0
359.0
307.0
311.15
342.15
251.15
223.15
294.15
278.15
295.15
263.15
242.15
334.15
289.15
297.15
306.15
323.15
234.15
275.15
367.15
277.15
336.15
238.15
302.15
284.15
247.0
279.0
282.0
283.0
283.0
286.0
286.0
287.0
295.0
297.0
298.0
303.0
315.0
324.0
334.0
336.0
365.0
371.0
377.0
393.0
400.3
374.5
346.8
313.0
314.65
305.15
270.15
278.15
223.0
244.33
395.0
377.0
332.0
350.15
324.0
318.0
314.0
306.0
305.0
304.0
299.0
301.0
297.0
296.0
292.0
287.0
286.0
280.0
286.0
282.0
372.0
353.0
284.0
216.0
233.0
184.0
202.0
187.0
349.15
367.15
201.0
202.0
367.15
314.15
300.15
329.15
328.15
333.15
319.15
312.15
327.15
339.15
305.15
362.15
344.15
307.15
333.15
298.15
325.15
356.15
367.15
339.15
369.15
401.15
338.15
308.15
336.15
402.15
295.15
312.15
331.15
370.0
362.0
330.0
320.0
319.0
313.0
289.0
313.0
316.0
360.0
293.0
261.0
243.0
356.0
333.0
288.0
273.0
297.0
350.0
369.0
402.0
372.0
412.0
411.0
418.0
405.0
322.0
331.0
345.0
344.0
355.0
362.0
348.0
351.0
424.0
330.0
323.0
414.0
333.0
443.0
346.0
344.0
333.0
337.0
334.0
317.0
308.0
235.0
233.0
213.0
203.0
128.0
180.0
130.0
125.0
140.0
125.0
100.0
98.0
83.0
80.0
276.15
304.15
304.15
273.15
300.15
365.15
364.15
317.15
47.0
230.0
222.0
164.1
340.15
343.15
145.85
356.15
327.15
331.0
367.15
108.0
146.0
145.3
148.85
88.0
292.15
308.15
148.0
157.5
167.0
138.0
155.85
374.15
282.0
442.0
420.0
413.0
381.0
340.15
