1.03
0.32
1.08
2.61
0.485
0.775
0.61
0.225
2.855
0.335
0.31
2.47
2.4
0.745
0.375
0.4
2.2
0.29
0.33
0.215
0.24
0.3
1.735
0.355
0.415
0.065
0.835
2.035
1.32
1.402
1.48
1.506
1.64
0.032
0.042
0.051
0.07
0.917
0.965
1.036
1.138
0.289
0.293
0.313
0.35200000000000004
0.9670000000000001
1.018
1.091
1.194
2.355
2.4930000000000003
2.66
2.862
0.445
0.445
0.46799999999999997
0.52
0.691
0.721
0.775
0.861
0.5479999999999999
0.563
0.601
0.669
0.18600000000000003
0.191
0.212
0.255
0.09699999999999999
0.1
0.12
0.152
0.107
0.11199999999999999
0.11699999999999999
0.14
2.298
2.611
2.987
0.154
0.157
0.177
0.218
0.2225
0.305
0.31
0.319
0.35700000000000004
0.27699999999999997
0.281
0.294
0.342
1.97
2.233
2.5610000000000004
2.9730000000000003
1.855
2.145
2.145
2.943
0.667
0.7
0.7490000000000001
0.82
0.34
0.365
0.366
0.379
0.385
0.361
0.374
0.39899999999999997
0.442
1.6369999999999998
1.929
2.294
2.7560000000000002
0.248
0.257
0.282
0.331
2.702
0.301
0.305
0.32299999999999995
0.359
0.193
0.196
0.20800000000000002
0.226
0.218
0.22399999999999998
0.22899999999999998
0.253
0.27699999999999997
0.28
0.289
0.319
1.5659999999999998
1.6469999999999998
1.756
1.901
0.402
0.40399999999999997
0.41100000000000003
0.425
0.03
0.035
0.044000000000000004
0.085
0.715
0.7559999999999999
0.8320000000000001
0.953
0.126
0.131
0.136
0.168
0.51
1.1420000000000001
1.722
2.2569999999999997
1.821
1.93
2.069
2.246
0.25
0.2
0.69
0.04
0.28
0.18
0.39
0.01
0.36
0.35
0.33
0.25
0.31
1.58
1.25
1.79
1.99
1.89
1.22
0.24
0.44
1.72
1.64
2.12
1.12
0.62
0.65
1.03
0.33
0.46
0.2
0.36
1.19
0.84
1.2
1.16
1.65
2.24
1.71
0.53
0.41
0.88
0.34
0.395
0.49
0.24
0.34
0.39
0.34
0.4
0.33
0.38
0.35
0.4
0.18
0.63
0.28
0.34
0.3
0.36
0.34
0.33
0.37
0.28
0.22
0.28
0.32
0.45
0.28
0.32
0.495
0.12
0.18
0.27
0.31
0.39
1.38
0.44
0.24
0.28
0.34
0.4
0.29
0.34
0.31
0.31
1.22
0.28
0.35
0.3
0.25
0.31
0.01
0.05
1.5
0.21
0.82
0.06
0.81
0.58
0.57
0.21
0.37
1.0
1.2
1.1
0.38
0.37
0.39
0.73
0.38
0.12
0.58
0.13
0.53
0.3
0.45
0.36
0.04
0.1
0.04
1.08
1.23
0.73
0.78
0.75
0.71
0.09
0.07
0.74
0.76
0.8
0.54
0.22
0.18
0.37
0.05
0.19
0.41
0.28
0.4
0.45
0.76
0.83
0.9
-0.06
-0.02
0.0
0.426
0.43
0.3
0.41
0.2
0.47
0.55
0.51
0.36
0.3
0.43
0.48
0.39
0.43
0.13
0.14
0.14
0.1614
0.38
0.26
0.7
1.23
1.75
1.97
1.85
0.47
0.04
0.6567
0.4
1.7
1.66
2.1
0.41
0.57
0.63
0.34
0.04
0.2
0.31
0.12
1.23
0.85
1.26
1.12
1.64
2.22
2.17
0.08
0.61
0.49
1.09
0.69
0.7
0.79
1.32
1.9
1.9
2.6
0.53
0.29
0.96
0.88
0.55
0.58
0.88
2.1
2.0
1.8
-0.55
-0.51
-0.04
-0.04
-0.31
-0.13
0.28
0.4
1.06
0.46
0.54
1.25
0.6
0.5
0.57
0.36
0.43
0.44
0.475
0.54
0.785
0.45
0.64
0.905
0.545
0.635
0.44
0.31
0.79
0.83
1.06
0.7033
0.7081
0.7425
0.7725
0.785
1.33
0.645
0.69
1.01
0.48
0.54
0.55
0.565
0.68
0.82
0.72
0.591
0.69
0.745
0.52
0.59
0.6218
0.625
0.655
0.7525
0.7525
2.6
0.45
0.36
0.35
0.4248
0.4329
0.475
0.35
0.42
0.43
0.44
0.4667
0.49
0.4925
0.45
0.475
0.485
0.4
0.43
0.44
0.48
0.4988
2.06
0.4875
0.5075
0.76
0.62
0.6233
0.655
0.7775
0.7775
0.6920000000000001
0.3
0.3963
0.41
0.415
0.42
0.426
0.4575
0.31
0.4225
0.445
0.51
0.4967
0.44
1.91
0.49
0.48
1.75
0.6
0.37
0.96
0.39
1.1
0.47
0.5
0.52
0.44
0.505
0.52
0.45
0.75
0.44
0.42
0.36
0.5
0.28
0.2457
0.2725
0.25
0.58
0.18
0.34
0.38
0.21
0.53
0.475
1.535
2.1
-0.01
0.475
1.015
1.145
0.84
0.9025
0.965
0.42
0.4275
0.765
0.34
0.51
0.475
0.31
0.74
0.33
0.5
0.475
0.32
0.52
0.57
0.485
0.54
0.4
0.31
0.5
0.5
0.38
0.41
0.36
0.285
0.26
0.4
0.405
0.44
0.3575
0.34
0.435
0.4
0.45
0.56
0.43
0.08
0.28
0.442
0.32
0.42
0.65
1.29
0.43
0.615
0.66
0.53
0.66
0.56
0.32
0.99
0.53
0.46
0.52
0.89
2.0
2.0
1.6
0.095
0.115
0.3867
0.465
0.43
0.45
0.48
0.39799999999999996
0.5833
0.93
0.01
0.1
0.62
1.4
0.67
1.01
0.78
0.41
0.37
0.175
0.205
0.6745
0.7162
0.779
0.8482
0.8909999999999999
0.6265
0.7037
0.7385
0.8037
0.9545
0.39
0.44
0.265
0.49200000000000005
0.494
0.5
0.62
1.16
0.44799999999999995
0.5525
0.465
0.49
0.925
0.59
0.645
0.47
0.47
0.48
0.52
0.54
0.06
0.7
0.43
0.43
0.27
0.55
1.5
1.4
1.3
0.13
0.5
-0.4
-0.22
0.26
0.39
0.13
0.31
0.33
-0.04
0.08
-0.01
1.01
0.88
1.2
1.37
1.3
0.72
0.08
-0.18
-0.06
0.16
1.2
1.44
0.59
0.33
0.33
0.46
0.04
0.07
0.14
0.16
0.83
0.6
0.83
0.82
1.22
1.52
1.21
0.02
0.64
-0.02
0.86
0.43
0.54
0.34
0.61
1.6
1.6
1.5
0.48
0.725
0.15
0.27
0.345
0.11
0.3
0.2775
0.21
0.02
0.15
0.16
0.58
0.525
1.0475
0.965
0.1725
0.015
0.705
0.22
0.3475
0.82
0.3
0.13
1.12
0.02
0.5195
0.6317
0.49
0.45
0.69
0.46
0.34
0.41
0.38
0.24
0.395
0.33
0.28
0.37
0.48
0.46
0.47
